62.14431381225586
38.68743896484375
30.276138305664062
24.240175247192383
17.677579879760742
11.715232849121094
10.431417465209961
9.541800498962402
8.970160484313965
6.849531173706055
5.511359691619873
4.171586990356445
3.6920950412750244
3.4208168983459473
3.3021390438079834
2.6402766704559326
1.959941029548645
2.0248544216156006
1.907062292098999
1.9447818994522095
1.3098170757293701
1.4396084547042847
1.2439566850662231
1.1087791919708252
1.1367367506027222
0.7989456653594971
1.2325495481491089
0.797625720500946
0.8916469216346741
0.7792718410491943
0.8342164158821106
0.5707959532737732
0.6032534241676331
0.5256096720695496
0.5334147214889526
0.461627334356308
0.6739961504936218
0.48286452889442444
0.5599644184112549
0.4955281615257263
0.43167808651924133
0.3321900963783264
0.36483120918273926
0.3096869885921478
0.2992885112762451
0.29710185527801514
0.2909458875656128
0.2619190514087677
0.31021150946617126
0.28880977630615234
0.2872644066810608
0.2515018582344055
0.3400115668773651
0.25047871470451355
0.28413182497024536
0.27591726183891296
0.2526015043258667
0.23792068660259247
0.25094547867774963
0.26858755946159363
0.25137120485305786
0.19669941067695618
0.2387959510087967
0.2228468656539917
0.2375672459602356
0.23078149557113647
0.20788970589637756
0.2592144012451172
0.27857616543769836
0.21583934128284454
0.196354478597641
0.24789035320281982
0.20406155288219452
0.20799723267555237
0.19597038626670837
0.2470301240682602
0.18963749706745148
0.17998769879341125
0.1862487494945526
0.22042010724544525
0.1767236441373825
0.19324864447116852
0.2025909423828125
0.216106116771698
0.18229010701179504
0.1624099463224411
0.20280203223228455
0.2262861430644989
0.21266017854213715
0.1796025186777115
0.26010584831237793
0.23189903795719147
0.18613776564598083
0.16127318143844604
0.18052759766578674
0.19810348749160767
0.21630540490150452
0.20014800131320953
0.2189706414937973
0.18718193471431732
0.19901558756828308
0.2071315497159958
0.21528787910938263
0.15999305248260498
0.2592834234237671
0.18895503878593445
0.18571807444095612
0.24353909492492676
0.1865069419145584
0.17422270774841309
0.1594676673412323
0.1853877305984497
0.21212993562221527
0.18414483964443207
0.2294275462627411
0.24952909350395203
0.141355499625206
0.19794028997421265
0.18260927498340607
0.18831901252269745
0.17806334793567657
0.23270542919635773
0.219029039144516
0.16489243507385254
0.159023717045784
0.16067355871200562
0.20251555740833282
0.1917276382446289
0.1782749593257904
0.20745998620986938
0.14920678734779358
0.2034805864095688
0.19581268727779388
0.14579714834690094
0.1764886975288391
0.13104046881198883
0.1713264286518097
0.1752907782793045
0.17621996998786926
0.13690835237503052
0.14455388486385345
0.13605853915214539
0.17898160219192505
0.17998282611370087
0.13920597732067108
0.16018545627593994
0.20686326920986176
0.15930180251598358
0.15543530881404877
0.1636899709701538
0.13989120721817017
0.15232224762439728
0.17497438192367554
0.12932804226875305
0.17296329140663147
0.1570957452058792
0.14795614778995514
0.15434576570987701
0.18287315964698792
0.1335742324590683
0.15611617267131805
0.15721715986728668
0.1562843769788742
0.20096781849861145
0.16864541172981262
0.12686166167259216
0.18796031177043915
0.25998878479003906
0.14340144395828247
0.16152767837047577
0.1578875631093979
0.216542050242424
0.14583471417427063
0.15404780209064484
0.2433789223432541
0.1499979943037033
0.14296522736549377
0.15537582337856293
0.15095612406730652
0.15526659786701202
0.17757929861545563
0.12301642447710037
0.15937969088554382
0.13150377571582794
0.13134287297725677
0.1847161054611206
0.151312917470932
0.13528048992156982
0.13466106355190277
0.13168945908546448
0.1722412109375
0.13354501128196716
0.17956241965293884
0.20305132865905762
0.1319960206747055
0.17109987139701843
0.15810458362102509
0.13865157961845398
0.14692658185958862
0.13690802454948425
0.1468251645565033
0.13619138300418854
0.1465688794851303
0.14306992292404175
0.164225235581398
0.14661702513694763
0.12906797230243683
0.1540437936782837
0.12533359229564667
0.1519881784915924
0.15575328469276428
0.1499800980091095
0.17039673030376434
0.14459875226020813
0.1305721551179886
0.17810596525669098
0.1300322711467743
0.13399481773376465
0.16325175762176514
0.20187580585479736
0.15124118328094482
0.1687251478433609
0.12764056026935577
0.20454001426696777
0.16534483432769775
0.13464175164699554
0.17081806063652039
0.13163669407367706
0.08643317967653275
0.11075671762228012
0.12418373674154282
0.21781815588474274
0.12243863940238953
0.11966829001903534
0.1480340212583542
0.12861348688602448
0.09892252832651138
0.1298888921737671
0.1144094467163086
0.11596441268920898
0.12264874577522278
0.16435734927654266
0.1135043203830719
0.15243422985076904
0.10866561532020569
0.12313404679298401
0.10072895884513855
0.1713586449623108
0.17058812081813812
0.10830959677696228
0.13912992179393768
0.1418524533510208
0.11374331265687943
0.14154236018657684
0.1214209794998169
0.12182644009590149
0.14073999226093292
0.13972927629947662
0.1366851031780243
0.1431494951248169
0.13537810742855072
0.12844374775886536
0.1603023111820221
0.1573541760444641
0.12666678428649902
0.12440036237239838
0.17427517473697662
0.12262272089719772
0.11070922017097473
0.1447906196117401
0.10424183309078217
0.14954519271850586
0.11465544253587723
0.13060469925403595
0.1180543527007103
0.12729667127132416
0.14586582779884338
0.1367790848016739
0.12827026844024658
0.13478849828243256
0.1638660877943039
0.10563407093286514
0.08709695935249329
0.14729297161102295
0.12752261757850647
0.10092508792877197
0.17080256342887878
0.17393858730793
0.09693995863199234
0.2511582374572754
0.12633243203163147
0.1404179036617279
0.14941707253456116
0.17943429946899414
0.19618895649909973
0.11745039373636246
0.11788611114025116
0.13427281379699707
0.1402456909418106
0.14327289164066315
0.11573613435029984
0.13846133649349213
0.11931245028972626
0.13756462931632996
0.11977879703044891
0.16215866804122925
0.10154367983341217
0.191476508975029
0.09155445545911789
0.15168379247188568
0.11502104252576828
0.09146524220705032
0.10092387348413467
0.18986254930496216
0.12059474736452103
0.12030205130577087
0.09842173010110855
0.08688008785247803
0.11682935804128647
0.10546229034662247
0.12430620193481445
0.09473831206560135
0.09683404862880707
0.13696053624153137
0.09571519494056702
0.12825696170330048
0.1375415176153183
0.12301597744226456
0.14091728627681732
0.13132227957248688
0.1545882374048233
0.12415364384651184
0.1468634456396103
0.13863687217235565
0.12202157080173492
0.09825865179300308
0.13159868121147156
0.10652346909046173
0.126371830701828
0.15792961418628693
0.10707533359527588
0.09160704165697098
0.11207140982151031
0.10873421281576157
0.1278078854084015
0.11362837255001068
0.11499630659818649
0.10271521657705307
0.12317653000354767
0.1127844899892807
0.14715193212032318
0.08834940195083618
0.11424031853675842
0.10317349433898926
0.11426670104265213
0.10020934045314789
0.13275617361068726
0.09315641969442368
0.17016476392745972
0.08472394198179245
0.09639517962932587
0.10294774919748306
0.09374818950891495
0.12423187494277954
0.115327388048172
0.07526765763759613
0.17566825449466705
0.06936278194189072
0.0956171452999115
0.1241639107465744
0.15399861335754395
0.18281053006649017
0.08442041277885437
0.11132031679153442
0.09458541125059128
0.09890135377645493
0.11876821517944336
0.10727535933256149
0.09499479085206985
0.1489509642124176
0.10124099999666214
0.08890824764966965
0.12228891998529434
0.13175895810127258
0.08614838123321533
0.0940764769911766
0.1362023502588272
0.1285821795463562
0.09723446518182755
0.10479364544153214
0.131407231092453
0.07268905639648438
0.1270732581615448
0.12517721951007843
0.13177236914634705
0.12477944046258926
0.0973881408572197
0.10573827475309372
0.07737915217876434
0.08850643783807755
0.13489526510238647
0.07258948683738708
0.09423905611038208
0.10825818032026291
0.08351322263479233
0.08205710351467133
0.10281623154878616
0.08281083405017853
0.10351784527301788
0.12060341984033585
0.09055877476930618
0.07658160477876663
0.07947351038455963
0.10926664620637894
0.06773777306079865
0.11006902158260345
0.09477822482585907
0.12634190917015076
0.09854152798652649
0.09689405560493469
0.09515219181776047
0.08564493060112
0.06156313046813011
0.10994231700897217
0.10004826635122299
0.11469116806983948
0.08996355533599854
0.09444089978933334
0.1294805407524109
0.12011031061410904
0.10065384209156036
0.13832329213619232
0.10977790504693985
0.107489675283432
0.08266404271125793
0.10832486301660538
0.11645977944135666
0.09991396963596344
0.09965071827173233
0.08621589839458466
0.10719780623912811
0.11456939578056335
0.1367006003856659
0.1364889144897461
0.08381994813680649
0.09619121998548508
0.08611838519573212
0.12971876561641693
0.09617552906274796
0.09494814276695251
0.061109233647584915
0.07086831331253052
0.11199883371591568
0.10210572183132172
0.0691949650645256
0.08578243851661682
0.12198787927627563
0.10451216995716095
0.08722999691963196
0.1045137271285057
0.06649031490087509
0.08656325936317444
0.0923430398106575
0.09002969413995743
0.07827974855899811
0.1069193184375763
0.10908828675746918
0.08492368459701538
0.09181492775678635
0.08965621888637543
0.10346098989248276
0.1317761391401291
0.07836668938398361
0.11735659837722778
0.09806632250547409
0.11062458902597427
0.0741308331489563
0.11368166655302048
0.06876447051763535
0.07698314636945724
0.09573394805192947
0.10615375638008118
0.12121735513210297
0.09107500314712524
0.1266799122095108
0.10931690782308578
0.07659229636192322
0.07084901630878448
0.052444763481616974
0.09773669391870499
0.1050959900021553
0.10406920313835144
0.05301894620060921
0.07932974398136139
0.16258153319358826
0.10851368308067322
0.10862111300230026
0.08773567527532578
0.09670097380876541
0.09739930182695389
0.10508488863706589
0.10895275324583054
0.08851708471775055
0.067520372569561
0.10504171252250671
0.06902388483285904
0.13331323862075806
0.11659608036279678
0.07561872899532318
0.10337676852941513
0.10951554775238037
0.07608864456415176
0.07516352832317352
0.13604199886322021
0.07200254499912262
0.10563946515321732
0.09198218584060669
0.10041283071041107
0.09171413630247116
0.09124476462602615
0.10344288498163223
0.08697406947612762
0.06821132451295853
0.09446438401937485
0.10827634483575821
0.06937088817358017
0.08598391711711884
0.07384373992681503
0.07998504489660263
0.09315625578165054
0.09187828004360199
0.0711967945098877
0.09911889582872391
0.09226690977811813
0.12437106668949127
0.10616902261972427
0.07368332892656326
0.08219172805547714
0.09245813637971878
0.08459170907735825
0.07151846587657928
0.06639507412910461
0.12699832022190094
0.1051681712269783
0.09150228649377823
0.09311214089393616
0.12124734371900558
0.1090506836771965
0.1026090681552887
0.11908023804426193
0.14899560809135437
0.09446824342012405
0.09957028180360794
0.13466967642307281
0.11621247977018356
0.05840426683425903
0.051883287727832794
0.05514396354556084
0.08636374771595001
0.10815533250570297
0.10828734934329987
0.06956998258829117
0.05257214233279228
0.08329272270202637
0.1106133982539177
0.11595504730939865
0.08286349475383759
0.053586240857839584
0.06897427886724472
0.11547962576150894
0.06167075037956238
0.07358530908823013
0.07854674011468887
0.07973815500736237
0.10217246413230896
0.0904245674610138
0.05699307471513748
0.07758627831935883
0.08407821506261826
0.130287304520607
0.0734018012881279
0.09755770117044449
0.0981161892414093
0.07676225900650024
0.07141772657632828
0.07446538656949997
0.0950319841504097
0.09831149876117706
0.07682888954877853
0.10826446861028671
0.08177285641431808
0.07502571493387222
0.08499041199684143
0.07934334874153137
0.050976961851119995
0.07794491946697235
0.06850308924913406
0.09077055007219315
0.0932793840765953
0.09016158431768417
0.08441775292158127
0.07420893013477325
0.06617850065231323
0.06992572546005249
0.07988394051790237
0.048795126378536224
0.09990391135215759
0.05617867782711983
0.09870613366365433
0.08934894949197769
0.09208691865205765
0.032121170312166214
0.1141391471028328
0.08604355901479721
0.09280242770910263
0.08900681138038635
0.07699176669120789
0.09076070040464401
0.06843689829111099
0.08703659474849701
0.052690498530864716
0.06154068186879158
0.07593999058008194
0.1027797982096672
0.09064736217260361
0.065870001912117
0.07435838878154755
0.07861196994781494
0.11238690465688705
0.060759562999010086
0.07795263081789017
0.12399642169475555
0.06094291806221008
0.05557147040963173
0.07062170654535294
0.09752339869737625
0.05992227792739868
0.06362443417310715
0.08782819658517838
0.05367567762732506
0.05392470955848694
0.06410150974988937
0.08601932227611542
0.08114302903413773
0.08554252237081528
0.07291720807552338
0.0622396357357502
0.07092340290546417
0.1158347949385643
0.06539511680603027
0.0729672908782959
0.07102379947900772
0.09047312289476395
0.07069075852632523
0.08097107708454132
0.0650879442691803
0.0837264135479927
0.08076921850442886
0.07316070050001144
0.08977577835321426
0.06536257266998291
0.053090859204530716
0.06685005128383636
0.09403681010007858
0.06101294234395027
0.09973757714033127
0.06968268007040024
0.08112706243991852
0.07562289386987686
0.06061188504099846
0.07920598238706589
0.0670442283153534
0.0867919847369194
0.06431587785482407
0.06463047116994858
0.07052087038755417
0.08258030563592911
0.0712553933262825
0.05528319999575615
0.06176139414310455
0.09855934232473373
0.05311267822980881
0.06089390441775322
0.09570765495300293
0.08078811317682266
0.07731536775827408
0.05987602844834328
0.06611528992652893
0.07004600018262863
0.07014261186122894
0.08100654929876328
0.0988052561879158
0.08213363587856293
0.059168510138988495
0.09266533702611923
0.05647408217191696
0.07487411051988602
0.08137677609920502
0.06785786151885986
0.09742790460586548
0.058271486312150955
0.07653901726007462
0.09214219450950623
0.05069747567176819
0.07042717933654785
0.06236851215362549
0.07552822679281235
0.061480406671762466
0.09616100788116455
0.06103197857737541
0.05150465667247772
0.06929957866668701
0.0701383650302887
0.07259002327919006
0.08866052329540253
0.08256445825099945
0.07722950726747513
0.07027725875377655
0.049054745584726334
0.05738678574562073
0.06533458828926086
0.07323285192251205
0.06049621105194092
0.05751068890094757
0.09088066220283508
0.08722597360610962
0.09175556153059006
0.06984560191631317
0.06515739113092422
0.09845539182424545
0.07441253960132599
0.06499224901199341
0.0811813697218895
0.04650910198688507
0.09168300032615662
0.04960404708981514
0.08067332208156586
0.04919075965881348
0.08502130210399628
0.07135570794343948
0.07367729395627975
0.0632806345820427
0.059068161994218826
0.07162514328956604
0.050597451627254486
0.10539934039115906
0.05737244337797165
0.05269450321793556
0.0737903043627739
0.08298774063587189
0.056736093014478683
0.06997445225715637
0.07449515163898468
0.06696563959121704
0.057676542550325394
0.047951895743608475
0.08057111501693726
0.07607045024633408
0.05251007154583931
0.05980197712779045
0.053212326020002365
0.06369095295667648
0.057355038821697235
0.13086247444152832
0.056509263813495636
0.04984505847096443
0.09001250565052032
0.07896790653467178
0.06936747580766678
0.11010805517435074
0.07312551140785217
0.05382789298892021
0.04805990681052208
0.07707147300243378
0.04439236596226692
0.06706059724092484
0.059167828410863876
0.07444498687982559
0.056241486221551895
0.08885335922241211
0.06368125230073929
0.09767257422208786
0.052779264748096466
0.06466761231422424
0.058879170566797256
0.07076142728328705
0.049751218408346176
0.0580083504319191
0.048857565969228745
0.04381619021296501
0.06832162290811539
0.08037680387496948
0.07360101491212845
0.08044115453958511
0.08819890767335892
0.06121242046356201
0.061902981251478195
0.07393629848957062
0.08388491719961166
0.06633240729570389
0.0586356557905674
0.0775289237499237
0.06825920194387436
0.07744687050580978
0.08962241560220718
0.08339563012123108
0.06613034009933472
0.07078559696674347
0.07923951745033264
0.06325765699148178
0.06336591392755508
0.061936598271131516
0.05168810859322548
0.06579257547855377
0.06910485029220581
0.05730711668729782
0.0901050716638565
0.05847160518169403
0.04369119182229042
0.07554932683706284
0.055094022303819656
0.06681131571531296
0.08274252712726593
0.0661163330078125
0.06325862556695938
0.04734804481267929
0.053346049040555954
0.05373907461762428
0.04690336808562279
0.070093534886837
0.05388941988348961
0.04122735559940338
0.04768282175064087
0.07522386312484741
0.06462295353412628
0.07771645486354828
0.051257770508527756
0.09033463895320892
0.047919612377882004
0.06111397221684456
0.06413769721984863
0.0485316701233387
0.043586574494838715
0.05486474186182022
0.0858575627207756
0.07100510597229004
0.05795924365520477
0.07302668690681458
0.05200692638754845
0.0854073092341423
0.042113665491342545
0.060000624507665634
0.04485365003347397
0.0602966733276844
0.07809047400951385
0.04706494137644768
0.08754400163888931
0.05323426052927971
0.038976605981588364
0.054719917476177216
0.0541796050965786
0.07258618623018265
0.08995547890663147
0.05432372912764549
0.04718803986907005
0.09690285474061966
0.0635981410741806
0.04195879399776459
0.07600069791078568
0.07137671113014221
0.05515807121992111
0.05716260150074959
0.06012202054262161
0.07718002796173096
0.07704893499612808
0.07209066301584244
0.06681790202856064
0.07833804190158844
0.05462157353758812
0.05286531522870064
0.044278066605329514
0.07818005979061127
0.05470955744385719
0.05421585962176323
0.06298323720693588
0.05854718014597893
0.04768309369683266
0.04936358332633972
0.02912803180515766
0.05494721606373787
0.06549912691116333
0.041420549154281616
0.04600338265299797
0.048089779913425446
0.0631779283285141
0.04717745631933212
0.04038116708397865
0.041780851781368256
0.0464409701526165
0.03259561210870743
0.0687888115644455
0.048372767865657806
0.05135444179177284
0.052372872829437256
0.04080851376056671
0.043385472148656845
0.04142425209283829
0.09627286344766617
0.03514804691076279
0.05641080439090729
0.07552105188369751
0.07219245284795761
0.04801773652434349
0.08869707584381104
0.08917319029569626
0.04997910559177399
0.061335720121860504
0.046060800552368164
0.04509103670716286
0.042261384427547455
0.03998012840747833
0.045693159103393555
0.0684640035033226
0.05904310941696167
0.05464472621679306
0.05370958521962166
0.06099986284971237
0.07871152460575104
0.03524916246533394
0.03823498263955116
0.06284446269273758
0.05101310834288597
0.05860893428325653
0.05622855946421623
0.043228570371866226
0.04707295075058937
0.040726788341999054
0.047772545367479324
0.06302753835916519
0.04725871980190277
0.07220222055912018
0.08481476455926895
0.06983108818531036
0.047796182334423065
0.04956516996026039
0.03435886651277542
0.03622545674443245
0.06908811628818512
0.06530057638883591
0.06543564051389694
0.0726231187582016
0.06281744688749313
0.039502471685409546
0.03924845904111862
0.05390947312116623
0.06375660002231598
0.020905591547489166
0.06998112797737122
0.05578727647662163
0.052532587200403214
0.05990104377269745
0.051752716302871704
0.05879665166139603
0.06023769825696945
0.04152100160717964
0.06203414499759674
0.06290305405855179
0.06700338423252106
0.04317439720034599
0.05656187981367111
0.06258728355169296
0.05090464651584625
0.07034274190664291
0.04269189387559891
0.03268428146839142
0.047847993671894073
0.04951132833957672
0.042029764503240585
0.04476636275649071
0.060673702508211136
0.050057344138622284
0.06209355965256691
0.040675241500139236
0.04982458055019379
0.04579956829547882
0.040539003908634186
0.046361759305000305
0.05338241159915924
0.06059183180332184
0.062432821840047836
0.03751968592405319
0.0533151775598526
0.044951051473617554
0.032582227140665054
0.05194154381752014
0.05766508728265762
0.06563815474510193
0.05040907487273216
0.04750211536884308
0.04049689695239067
0.03451697528362274
0.06715387105941772
0.03364730626344681
0.03722140192985535
0.06302256137132645
0.04221056401729584
0.03250738978385925
0.05546426773071289
0.06029970198869705
0.0697849690914154
0.04608730599284172
0.04551738128066063
0.047155510634183884
0.05811235308647156
0.04503317549824715
0.06291846930980682
0.053031161427497864
0.06124873459339142
0.06602460891008377
0.04451777786016464
0.06862375140190125
0.04212154448032379
0.048436619341373444
0.0717441737651825
0.06443694233894348
0.059214696288108826
0.042597971856594086
0.04378628730773926
0.05482683703303337
0.0713944137096405
0.059872668236494064
0.0466921404004097
0.05624400079250336
0.040307991206645966
0.0859629362821579
0.07930203527212143
0.032775186002254486
0.06503192335367203
0.04771735519170761
0.061726056039333344
0.07515867799520493
0.03610428795218468
0.058792196214199066
0.06339709460735321
0.07937254756689072
0.055704787373542786
0.06140662357211113
0.05130796134471893
0.04286783188581467
0.04703053459525108
0.0444381982088089
0.04657779261469841
0.035938046872615814
0.05495181679725647
0.03643370419740677
0.048921842128038406
0.04246778041124344
0.04422500729560852
0.05366067588329315
0.036938898265361786
0.04781274497509003
0.05152794346213341
0.06603936105966568
0.04191850498318672
0.06017455458641052
0.04014667496085167
0.0447423979640007
0.04560878127813339
0.044128306210041046
0.038578469306230545
0.03996219485998154
0.05175252631306648
0.033429794013500214
0.04672931507229805
0.04941990226507187
0.03608224540948868
0.0396282821893692
0.05064281448721886
0.03350942209362984
0.03526485338807106
0.036524735391139984
0.05308954790234566
0.038859110325574875
0.04530796781182289
0.03935561329126358
0.053077977150678635
0.050817910581827164
0.05669353902339935
0.051758233457803726
0.06608125567436218
0.040883395820856094
0.05915182828903198
0.04141342267394066
0.05124884471297264
0.054777394980192184
0.03921753913164139
0.05122743919491768
0.06372187286615372
0.07460051774978638
0.05871967226266861
0.04627501964569092
0.03294408693909645
0.03331052139401436
0.06681323796510696
0.029446087777614594
0.043325960636138916
0.03658391162753105
0.0523524172604084
0.04361937567591667
0.03669342026114464
0.046814918518066406
0.04169495403766632
0.033498067408800125
0.048879627138376236
0.05827198922634125
0.05849260836839676
0.03759253770112991
0.057329513132572174
0.04925332963466644
0.03911077603697777
0.03155500814318657
0.05568036437034607
0.040739506483078
0.04076939821243286
0.05944747105240822
0.05341570824384689
0.05103236436843872
0.04528534784913063
0.03752356395125389
0.03643789887428284
0.04626123607158661
0.04136693477630615
0.04181506484746933
0.0441349633038044
0.050500575453042984
0.04281383380293846
0.03675336763262749
0.0502411425113678
0.07302852720022202
0.06353532522916794
0.03230670094490051
0.041069649159908295
0.04145004600286484
0.05135941877961159
0.04359312728047371
0.05085018649697304
0.03367586433887482
0.02863297611474991
0.05199706181883812
0.031070681288838387
0.038210347294807434
0.054048385471105576
0.05308283120393753
0.050875838845968246
0.043527305126190186
0.060512516647577286
0.0534483939409256
0.03952460736036301
0.03216059133410454
0.043447986245155334
0.05612702667713165
0.049533355981111526
0.05108196660876274
0.04221508279442787
0.03581683710217476
0.037827033549547195
0.042634397745132446
0.03675059229135513
0.028730623424053192
0.06003963574767113
0.048962727189064026
0.04256228357553482
0.04591645672917366
0.04498065635561943
0.03361319378018379
0.046138107776641846
0.051797062158584595
0.03662756457924843
0.05178716406226158
0.07028531283140182
0.042684588581323624
0.035729940980672836
0.04630754888057709
0.040221475064754486
0.050065189599990845
0.051920369267463684
0.04508558288216591
0.039701107889413834
0.05707957223057747
0.027579210698604584
0.049766041338443756
0.03211979195475578
0.04275684431195259
0.04687558859586716
0.045713476836681366
0.044294580817222595
0.06414463371038437
0.03465462476015091
0.03225905820727348
0.04901428893208504
0.04230906814336777
0.04849090799689293
0.04127706587314606
0.04612109065055847
0.036714814603328705
0.0580216646194458
0.05533349886536598
0.030668087303638458
0.05664892494678497
0.047070346772670746
0.040745075792074203
0.04098375514149666
0.030447009950876236
0.0535399354994297
0.027690568938851357
0.04499627649784088
0.03974279761314392
0.05632288381457329
0.054208531975746155
0.05167866870760918
0.03376016020774841
0.05424657091498375
0.038113534450531006
0.03248049318790436
0.038914430886507034
0.04113680124282837
0.06680996716022491
0.056002113968133926
0.0618172287940979
0.03099350444972515
0.050529468804597855
0.039807192981243134
0.035668179392814636
0.03879488259553909
0.03672509267926216
0.03672463074326515
0.03889922425150871
0.039439067244529724
0.028751812875270844
0.035298824310302734
0.032719407230615616
0.042046260088682175
0.04464653134346008
0.03246259689331055
0.03788299486041069
0.05742607265710831
0.035543035715818405
0.04256099462509155
0.035985346883535385
0.06285874545574188
0.03855027258396149
0.04162021726369858
0.04642794281244278
0.0430472232401371
0.044381994754076004
0.03480102866888046
0.02396118827164173
0.05417395755648613
0.033419374376535416
0.03185739740729332
0.049557074904441833
0.040828198194503784
0.0372069776058197
0.035786472260951996
0.03817084804177284
0.04985863342881203
0.03826485574245453
0.04381803795695305
0.04278424754738808
0.04480300471186638
0.03972264751791954
0.033837709575891495
0.029682626947760582
0.055332034826278687
0.03257744759321213
0.056941501796245575
0.04350420460104942
0.03192989155650139
0.031624939292669296
0.053415991365909576
0.05532844737172127
0.060606833547353745
0.03996528312563896
0.04048397019505501
0.043049488216638565
0.03440101072192192
0.041794173419475555
0.03060372732579708
0.041546840220689774
0.039992403239011765
0.03497438505291939
0.050420939922332764
0.02553628571331501
0.030370080843567848
0.030790723860263824
0.038092609494924545
0.058206088840961456
0.028867533430457115
0.048819590359926224
0.032878220081329346
0.04363032430410385
0.042557209730148315
0.033106207847595215
0.03080199845135212
0.03872588276863098
0.03451758623123169
0.04076022282242775
0.0505438931286335
0.03236378729343414
0.025893541052937508
0.025634804740548134
0.03982376307249069
0.03198544681072235
0.04670384153723717
0.046629346907138824
0.04426751658320427
0.06351291388273239
0.04152149334549904
0.04870794340968132
0.03531043604016304
0.0430847629904747
0.04119211062788963
0.02945534884929657
0.04417421668767929
0.030027469620108604
0.029713012278079987
0.046506643295288086
0.020540542900562286
0.047081150114536285
0.034229353070259094
0.03544342517852783
0.04393608495593071
0.030698835849761963
0.04588909447193146
0.030614079907536507
0.05239330232143402
0.034912776201963425
0.028694046661257744
0.04193791002035141
0.03087785840034485
0.035756196826696396
0.037659645080566406
0.04440499469637871
0.03481671214103699
0.03816390410065651
0.02475755289196968
0.039053019136190414
0.033636029809713364
0.025717653334140778
0.040844108909368515
0.03538040816783905
0.05681627616286278
0.04648582637310028
0.043733563274145126
0.05051231384277344
0.04445044696331024
0.02917998842895031
0.03419463336467743
0.043990325182676315
0.04143962264060974
0.03440019115805626
0.028419004753232002
0.03833353519439697
0.03783566504716873
0.028362462297081947
0.033082179725170135
0.04271916672587395
0.045239318162202835
0.043232742697000504
0.022689547389745712
0.05225357413291931
0.02660191059112549
0.0309761855751276
0.035533707588911057
0.024833040311932564
0.025776436552405357
0.023936202749609947
0.03647471219301224
0.024751175194978714
0.05228446051478386
0.029643461108207703
0.054150376468896866
0.027718355879187584
0.04286888986825943
0.04013081267476082
0.038966502994298935
0.03574581816792488
0.022190963849425316
0.029172180220484734
0.026618270203471184
0.05345207825303078
0.0389338843524456
0.0348266139626503
0.02601279318332672
0.030929628759622574
0.0365762934088707
0.03825224190950394
0.0435633659362793
0.02959996834397316
0.028204267844557762
0.02600087970495224
0.03720935061573982
0.01690925844013691
0.037757694721221924
0.037367068231105804
0.03451323136687279
0.0282895565032959
0.036274030804634094
0.02865046262741089
0.0491921566426754
0.050212666392326355
0.04155627638101578
0.05088282376527786
0.03671017289161682
0.04313638061285019
0.03766346722841263
0.03320572152733803
0.042346786707639694
0.03577401116490364
0.04071112349629402
0.03592347353696823
0.035820286720991135
0.04123009368777275
0.039082832634449005
0.054826442152261734
0.05265257507562637
0.035063255578279495
0.042148154228925705
0.04431966692209244
0.05172025039792061
0.0448429100215435
0.04511664807796478
0.04306365177035332
0.0344557985663414
0.03932042792439461
0.0423099584877491
0.0665460079908371
0.0361056849360466
0.04333606734871864
0.04669399932026863
0.03262941166758537
0.031599074602127075
0.0597943514585495
0.04559442028403282
0.042836155742406845
0.03702884912490845
0.049138665199279785
0.04174536466598511
0.05610694736242294
0.05727763846516609
0.0395851656794548
0.047071460634469986
0.038443196564912796
0.027278773486614227
0.027488786727190018
0.036623530089855194
0.03271611034870148
0.03622192144393921
0.035927288234233856
0.040484167635440826
0.02629893831908703
0.04152863100171089
0.025611454620957375
0.039351463317871094
0.031091976910829544
0.03264661133289337
0.02820729650557041
0.02936762571334839
0.030509160831570625
0.024348704144358635
0.0420207679271698
0.029745232313871384
0.05013123154640198
0.03735058382153511
0.0314333401620388
0.03856324777007103
0.03219590336084366
0.025551393628120422
0.032038819044828415
0.039479732513427734
0.030179761350154877
0.03676748648285866
0.031128086149692535
0.03375883400440216
0.02871430292725563
0.043915968388319016
0.02908273972570896
0.045547060668468475
0.03096720762550831
0.04936869442462921
0.04193748161196709
0.033688873052597046
0.03333113342523575
0.042377859354019165
0.04465978220105171
0.040680207312107086
0.02481597475707531
0.03708035871386528
0.03188719600439072
0.042234472930431366
0.027147449553012848
0.034632861614227295
0.04062116518616676
0.029663560912013054
0.06137865409255028
0.03800516203045845
0.03199959173798561
0.022008271887898445
0.03499367833137512
0.027155689895153046
0.03404911234974861
0.02566540613770485
0.031223664060235023
0.030852634459733963
0.043990638107061386
0.03207267448306084
0.02475438266992569
0.036612194031476974
0.035697586834430695
0.025655614212155342
0.028016624972224236
0.018893197178840637
0.03908461704850197
0.031030623242259026
0.046957552433013916
0.037031106650829315
0.0321030355989933
0.02671859972178936
0.033759329468011856
0.030808083713054657
0.02787124551832676
0.029889145866036415
0.04422663152217865
0.0353691466152668
0.021554019302129745
0.02896052412688732
0.026360606774687767
0.026845889165997505
0.024867458269000053
0.026078173890709877
0.02042294852435589
0.03461506962776184
0.032223377376794815
0.03046306222677231
0.035912033170461655
0.03072112239897251
0.03781141713261604
0.029250189661979675
0.027018245309591293
0.03495107591152191
0.03302214294672012
0.03635428845882416
0.043051864951848984
0.036754097789525986
0.03483282029628754
0.037753522396087646
0.03653474524617195
0.04370265454053879
0.046215690672397614
0.030108319595456123
0.022256650030612946
0.03418975695967674
0.03408332169055939
0.03276680409908295
0.03324025496840477
0.021082881838083267
0.03919755667448044
0.033597394824028015
0.03820548206567764
0.03519057109951973
0.03772031143307686
0.0292071420699358
0.02713513746857643
0.025410786271095276
0.027850138023495674
0.04448369890451431
0.04011821001768112
0.02656738832592964
0.03464736416935921
0.035805948078632355
0.03666413575410843
0.038741860538721085
0.04011968523263931
0.034483734518289566
0.02018485963344574
0.023843372240662575
0.03804154694080353
0.0428532138466835
0.027941135689616203
0.03532673418521881
0.018023664131760597
0.027623111382126808
0.031773097813129425
0.04222920909523964
0.03690242022275925
0.030054112896323204
0.037345040589571
0.03578472137451172
0.028762616217136383
0.02598584070801735
0.04775909334421158
0.029778916388750076
0.02799735777080059
0.03238385170698166
0.031115125864744186
0.01787160150706768
0.031672075390815735
0.035370174795389175
0.03968699648976326
0.027439652010798454
0.026620158925652504
0.04871834069490433
0.03622116893529892
0.032163362950086594
0.04619218781590462
0.024636579677462578
0.029329955577850342
0.03918283060193062
0.03483918681740761
0.03018863871693611
0.05019886791706085
0.04089957848191261
0.05079105868935585
0.03562530130147934
0.046686843037605286
0.042701903730630875
0.027630643919110298
0.044144291430711746
0.03139748051762581
0.04106660559773445
0.049180589616298676
0.04069380834698677
0.059605132788419724
0.05916687101125717
0.05663809925317764
0.04837442561984062
0.06839855015277863
0.03840325400233269
0.04476024582982063
0.03847353160381317
0.07821568846702576
0.055279262363910675
0.03721093386411667
0.08707552403211594
0.05366861820220947
0.06089581176638603
0.048724789172410965
0.069639652967453
0.059207089245319366
0.06234230846166611
0.07790382951498032
0.04666508734226227
0.06232506036758423
0.07608724385499954
0.0885380432009697
0.05711622163653374
0.051493700593709946
0.07092906534671783
0.053157269954681396
0.04488140717148781
0.06992833316326141
0.04757539927959442
0.046270038932561874
0.07225802540779114
0.040894754230976105
0.046606145799160004
0.046762436628341675
0.03859677538275719
0.05023360252380371
0.06971950083971024
0.06643660366535187
0.05746806785464287
0.05996355414390564
0.05806179344654083
0.06807301938533783
0.042974866926670074
0.03449622541666031
0.06311425566673279
0.06906008720397949
0.04522820562124252
0.04155971109867096
0.10137563198804855
0.06182560697197914
0.057510316371917725
0.04045930504798889
0.04659483581781387
0.04380600526928902
0.05464484542608261
0.053537752479314804
0.04557563364505768
0.04708664491772652
0.053972333669662476
0.03078823909163475
0.047120437026023865
0.04788094386458397
0.0462334118783474
0.049738809466362
0.10954597592353821
0.03548191860318184
0.03748629242181778
0.0503787137567997
0.04882242903113365
0.04413685202598572
0.03301915153861046
0.04009959474205971
0.04923773184418678
0.062166478484869
0.05516214668750763
0.03358167037367821
0.04186291992664337
0.028177596628665924
0.05110835283994675
0.02361198700964451
0.04483072832226753
0.038870468735694885
0.04735172912478447
0.04232429340481758
0.05749402567744255
0.05065127834677696
0.07099980860948563
0.03658352792263031
0.03915267437696457
0.060652684420347214
0.03847409784793854
0.04406130686402321
0.03909745439887047
0.04508240148425102
0.03603244572877884
0.030285639688372612
0.04412100836634636
0.06327079981565475
0.04243110492825508
0.03980201110243797
0.061681490391492844
0.03456446900963783
0.0486997626721859
0.03650112450122833
0.054008856415748596
0.03537510707974434
0.033132076263427734
